# oST version 5.0 parameters


[image]

width
320

height
240

[narrow_stereo/left]

camera matrix
428.742281 0.000000 156.350849
0.000000 428.925552 128.154488
0.000000 0.000000 1.000000

distortion
0.145034 -0.494188 0.011364 -0.015166 0.000000

rectification
0.964297 0.000775 0.264822
-0.002139 0.999986 0.004861
-0.264815 -0.005254 0.964285

projection
486.886495 0.000000 2.254309 0.000000
0.000000 486.886495 121.254906 0.000000
0.000000 0.000000 1.000000 0.000000

# oST version 5.0 parameters


[image]

width
320

height
240

[narrow_stereo/right]

camera matrix
416.679011 0.000000 164.113939
0.000000 416.632961 113.014961
0.000000 0.000000 1.000000

distortion
0.101117 -0.318121 -0.004195 0.003498 0.000000

rectification
0.936555 0.004652 0.350489
-0.002834 0.999980 -0.005699
-0.350508 0.004344 0.936550

projection
486.886495 0.000000 2.254309 -88.273173
0.000000 486.886495 121.254906 0.000000
0.000000 0.000000 1.000000 0.000000

