image_width: 320
image_height: 240
camera_name: narrow_stereo/right
camera_matrix:
  rows: 3
  cols: 3
  data: [416.679011, 0.000000, 164.113939, 0.000000, 416.632961, 113.014961, 0.000000, 0.000000, 1.000000]
distortion_model: plumb_bob
distortion_coefficients:
  rows: 1
  cols: 5
  data: [0.101117, -0.318121, -0.004195, 0.003498, 0.000000]
rectification_matrix:
  rows: 3
  cols: 3
  data: [0.936555, 0.004652, 0.350489, -0.002834, 0.999980, -0.005699, -0.350508, 0.004344, 0.936550]
projection_matrix:
  rows: 3
  cols: 4
  data: [486.886495, 0.000000, 2.254309, -88.273173, 0.000000, 486.886495, 121.254906, 0.000000, 0.000000, 0.000000, 1.000000, 0.000000]
