image_width: 640
image_height: 480
camera_name: narrow_stereo/left
camera_matrix:
  rows: 3
  cols: 3
  data: [883.998642, 0.000000, 349.540253, 0.000000, 887.969815, 247.902874, 0.000000, 0.000000, 1.000000]
distortion_model: plumb_bob
distortion_coefficients:
  rows: 1
  cols: 5
  data: [0.125962, -0.905045, 0.006512, 0.007531, 0.000000]
rectification_matrix:
  rows: 3
  cols: 3
  data: [0.985389, 0.006639, 0.170189, -0.004920, 0.999933, -0.010521, -0.170248, 0.009530, 0.985355]
projection_matrix:
  rows: 3
  cols: 4
  data: [1022.167889, 0.000000, 150.220785, 0.000000, 0.000000, 1022.167889, 249.024044, 0.000000, 0.000000, 0.000000, 1.000000, 0.000000]
