# oST version 5.0 parameters


[image]

width
640

height
480

[narrow_stereo/left]

camera matrix
883.998642 0.000000 349.540253
0.000000 887.969815 247.902874
0.000000 0.000000 1.000000

distortion
0.125962 -0.905045 0.006512 0.007531 0.000000

rectification
0.985389 0.006639 0.170189
-0.004920 0.999933 -0.010521
-0.170248 0.009530 0.985355

projection
1022.167889 0.000000 150.220785 0.000000
0.000000 1022.167889 249.024044 0.000000
0.000000 0.000000 1.000000 0.000000

# oST version 5.0 parameters


[image]

width
640

height
480

[narrow_stereo/right]

camera matrix
874.019843 0.000000 331.121922
0.000000 875.918758 244.867443
0.000000 0.000000 1.000000

distortion
0.041385 -0.059698 0.005392 0.009075 0.000000

rectification
0.976610 0.003803 0.214985
-0.005979 0.999937 0.009472
-0.214936 -0.010535 0.976571

projection
1022.167889 0.000000 150.220785 -41.006903
0.000000 1022.167889 249.024044 0.000000
0.000000 0.000000 1.000000 0.000000

