# oST version 5.0 parameters


[image]

width
640

height
480

[narrow_stereo/left]

camera matrix
742.858255 0.000000 342.003337
0.000000 752.915532 205.211518
0.000000 0.000000 1.000000

distortion
0.098441 0.046414 -0.039316 0.011202 0.000000

rectification
0.983638 0.047847 -0.173686
-0.048987 0.998797 -0.002280
0.173368 0.010751 0.984798

projection
905.027641 0.000000 500.770557 0.000000
0.000000 905.027641 180.388927 0.000000
0.000000 0.000000 1.000000 0.000000

# oST version 5.0 parameters


[image]

width
640

height
480

[narrow_stereo/right]

camera matrix
747.026840 0.000000 356.331849
0.000000 757.336986 191.248883
0.000000 0.000000 1.000000

distortion
0.127580 -0.050428 -0.035857 0.018986 0.000000

rectification
0.987138 0.047749 -0.152571
-0.046746 0.998855 0.010153
0.152881 -0.002890 0.988240

projection
905.027641 0.000000 500.770557 -42.839515
0.000000 905.027641 180.388927 0.000000
0.000000 0.000000 1.000000 0.000000

